0   1   eps    eps
0   2   eps    eps
1   6   0   0
6   7   eps    0
1   8   1   0
8   7   eps    1
1   9   2   0
9   7   eps    2
1   10  3   0
10  7   eps    3
1   11  4   0
11  7   eps    4
1   12  5   0
12  7   eps    5
1   13  6   0
13  7   eps    6
1   14  7   0
14  7   eps    7
1   15  8   0
15  7   eps    8
1   16  9   0
16  7   eps    9
2   3   0   0
2   3   1   1
2   3   2   2
2   3   3   3
2   3   4   4
2   3   5   5
2   3   6   6
2   3   7   7
2   3   8   8
2   3   9   9
3   4   0   0
3   4   1   1
3   4   2   2
3   4   3   3
3   4   4   4
3   4   5   5
3   4   6   6
3   4   7   7
3   4   8   8
3   4   9   9
4   4   0   0
4   4   1   1
4   4   2   2
4   4   3   3
4   4   4   4
4   4   5   5
4   4   6   6
4   4   7   7
4   4   8   8
4   4   9   9
4   5   eps    eps
5
7