0	10	eps	eps
0	20	eps	eps
0	30	eps	eps
0	40	eps	eps


10	3	0	0
3	4	eps	0
4	5	eps	0
5	6	eps	0

10	7	1   0
7	8	eps	0
8	9	eps	0
9   6	eps	1

10	11	2	0
11	12	eps	0
12	13	eps	0
13	6	eps	2

10	14	3   0
14	15	eps	0
15	16	eps	0
16  6	eps	3

10	17	4	0
17	18	eps	0
18	19	eps	0
19	6	eps	4

10	21	5   0
21	22	eps	0
22	23	eps	0
23  6	eps	5

10	24	6	0
24	25	eps	0
25	26	eps	0
26	6	eps	6

10	27	7   0
27	28	eps	0
28	29	eps	0
29  6	eps	7

10	31	8	0
31	32	eps	0
32	33	eps	0
33	6	eps	8

10	34	9   0
34	35	eps	0
35	36	eps	0
36  6	eps	9


20	41	0	0
41	42	eps	0
42	100	eps	0

20	43	1	0
43	44	eps	0
44	100	eps	1

20	45	2	0
45	46	eps	0
46	100	eps	2

20	47	3	0
47	48	eps	0
48	100	eps	3

20	49	4	0
49	50	eps	0
50	100	eps	4

20	51	5	0
51	52	eps	0
52	100	eps	5

20	53	6	0
53	54	eps	0
54	100	eps	6

20	57	7	0
57	58	eps	0
58	100	eps	7

20	59	8	0
59	60	eps	0
60	100	eps	8

20	61	9	0
61	62	eps	0
62	100	eps	9

30	63	0	0
63	101	eps	0

30	64	1	0
64	101	eps	1

30	65	2	0
65	101	eps	2

30	66	3	0
66	101	eps	3

30	67	4	0
67	101	eps	4

30	68	5	0
68	101	eps	5

30	69	6	0
69	101	eps	6

30	70	7	0
70	101	eps	7

30	71	8	0
71	101	eps	8

30	72	9	0
72	101	eps	9

101	100	0	0
101	100	1	1
101	100	2	2
101	100	3	3
101	100	4	4
101	100	5	5
101	100	6	6
101	100	7	7
101	100	8	8
101	100	9	9


40	102	0	0
40	102	1	1
40	102	2	2
40	102	3	3
40	102	4	4
40	102	5	5
40	102	6	6
40	102	7	7
40	102	8	8
40	102	9	9

102	103	0	0
102	103	1	1
102	103	2	2
102	103	3	3
102	103	4	4
102	103	5	5
102	103	6	6
102	103	7	7
102	103	8	8
102	103	9	9

103	104	0	0
103	104	1	1
103	104	2	2
103	104	3	3
103	104	4	4
103	104	5	5
103	104	6	6
103	104	7	7
103	104	8	8
103	104	9	9

104	104	0	0
104	104	1	1
104	104	2	2
104	104	3	3
104	104	4	4
104	104	5	5
104	104	6	6
104	104	7	7
104	104	8	8
104	104	9	9


100	6	0	0
100	6	1	1
100	6	2	2
100	6	3	3
100	6	4	4
100	6	5	5
100	6	6	6
100	6	7	7
100	6	8	8
100	6	9	9

6
104